32 34
[NODES]
2 5021.2 1582.17 0
3 5025.2 2585.42 0
4 5874.22 2588.3 0
5 6873.11 2588.3 0
6 8103.51 2585.42 0
7 8103.51 3234.67 0
8 8106.66 4179.28 0
9 8106.66 5133.78 0
10 7318.64 5133.78 0
11 7319.94 5831.65 0
12 7319.94 6671.19 0
13 5636.76 6676.24 1
14 6530.63 5133.78 0
15 5676.02 5133.78 0
16 5021.2 5133.78 0
17 5021.2 4412.36 0
18 5021.2 3868.52 0
19 5021.2 3191.49 0
20 3587.87 2588.3 0
21 3587.87 1300.84 0
22 3587.87 901.29 0
23 1978.55 2588.3 0
24 1975.58 4084.35 0
25 1980.46 5137.63 0
26 3077.46 5137.63 0
27 3933.52 5133.78 0
28 846.04 2588.2 0
29 -552.41 2588.2 0
30 -552.38 4369.06 0
31 -549.36 5137.63 0
32 536.45 5137.63 0
1 5360.71 1354.05 1
[EDGES]
1 2 16 
2 3 16 
3 4 16 
4 5 18 
5 6 18 
6 7 16 
7 8 18 
8 9 18 
9 10 18 
10 11 16 
11 12 16 
12 13 16 
10 14 18 
14 15 18 
15 16 18 
17 16 16 
18 17 16 
19 18 16 
3 19 18 
3 20 16 
20 21 16 
21 22 16 
20 23 16 
23 24 18 
24 25 16 
26 25 16 
27 26 18 
16 27 16 
23 28 18 
28 29 18 
29 30 18 
30 31 18 
32 31 16 
25 32 18 
[OFFICE]
29
[NEW]
8457 5177 18
6478 3050 20
595 5929 17
